19
16
13
9
34
28
22
16
55
44
17
13
80
32
24
9
108
43
15
11
68
27
19
15
78
31
14
13
97
38
18
14
116
36
16
12
68
43
19
15
81
50
22
12
92
36
20
14
107
37
20
11
115
40
16
12
87
41
24
12
98
45
19
15
107
46
22
14
120
43
22
14
113
44
21
13
107
41
24
15
116
42
22
16
111
46
24
13
121
47
24
15
117
45
24
16
106
47
24
15
114
46
22
16
122
45
23
15
117
45
24
15
116
45
23
15
115
47
24
15
115
46
24
15
115
46
24
15
115
46
24
15
115
46
24
16
121
47
24
15
121
47
24
15
122
46
24
15
122
46
24
15
117
47
24
15
118
47
24
15
