000111110010010100
001000010110111100
001001101010011000
001010010011010010
001011101111110110
001100011101100010
001101100001000110
001110011000001100
001111100100101000
010000101101111000
010001010001011100
010010101000010100
010011010100110000
010100100110100100
010101011010000000
010110100011001000
010111011111101100
011000111011000100
011001000111100000
011010111110101000
011011000010001100
011100110000011000
011101001100111100
011110110101110100
011111001001010000
100000100111010000
100001011011110000
100010100010111000
100011011110011000
100100101100001000
100101010000101000
100110101001100000
100111010101000000
101000110001101000
